4
328992
0
0
erase 4,787,5327,327134,365314
new 8,0,101,102,104,115,275,5839,6600
new 2,6600,7624
new 2,7624,8648
new 2,8648,9672
new 2,9672,10696
new 2,10696,11720
new 2,11720,12744
new 2,12744,13768
new 2,13768,14792
new 2,14792,15816
new 2,15816,16840
new 2,16840,17864
new 2,17864,18888
new 2,18888,19912
new 2,19912,20936
new 2,20936,21960
new 2,21960,22984
new 2,22984,24008
new 2,24008,25032
new 2,25032,26056
new 2,26056,27080
new 2,27080,28104
new 2,28104,29128
new 2,29128,30152
new 2,30152,31176
new 2,31176,32200
new 4,32200,32770,32859,33313
new 2,33313,34337
new 2,34337,35361
new 2,35361,36385
new 2,36385,37409
new 2,37409,38433
new 2,38433,39457
new 2,39457,40481
new 2,40481,41505
new 2,41505,42529
new 2,42529,43553
new 2,43553,44577
new 2,44577,45601
new 2,45601,46625
new 2,46625,47649
new 2,47649,48673
new 2,48673,49697
new 2,49697,50721
new 2,50721,51745
new 2,51745,52769
new 2,52769,53793
new 2,53793,54817
new 2,54817,55841
new 2,55841,56865
new 2,56865,57889
new 2,57889,58913
new 2,58913,59937
new 2,59937,60961
new 2,60961,61985
new 2,61985,63009
new 2,63009,64033
new 2,64033,65057
new 2,65057,66081
new 2,66081,67105
new 2,67105,68129
new 2,68129,69153
new 2,69153,70177
new 2,70177,71201
new 2,71201,72225
new 2,72225,73249
new 2,73249,74273
new 2,74273,75297
new 2,75297,76321
new 2,76321,77345
new 2,77345,78369
new 2,78369,79393
new 2,79393,80417
new 2,80417,81441
new 2,81441,82465
new 2,82465,83489
new 2,83489,84513
new 2,84513,85537
new 2,85537,86561
new 2,86561,87585
new 2,87585,88609
new 2,88609,89633
new 2,89633,90657
new 2,90657,91681
new 2,91681,92705
new 2,92705,93729
new 2,93729,94753
new 2,94753,95777
new 2,95777,96801
new 2,96801,97825
new 4,97825,98306,98395,98938
new 2,98938,99962
new 2,99962,100986
new 2,100986,102010
new 2,102010,103034
new 2,103034,104058
new 2,104058,105082
new 2,105082,106106
new 2,106106,107130
new 2,107130,108154
new 2,108154,109178
new 2,109178,110202
new 2,110202,111226
new 2,111226,112250
new 2,112250,113274
new 2,113274,114298
new 2,114298,115322
new 2,115322,116346
new 2,116346,117370
new 2,117370,118394
new 2,118394,119418
new 2,119418,120442
new 2,120442,121466
new 2,121466,122490
new 2,122490,123514
new 2,123514,124538
new 2,124538,125562
new 2,125562,126586
new 2,126586,127610
new 2,127610,128634
new 2,128634,129658
new 2,129658,130682
new 2,130682,131706
new 2,131706,132730
new 2,132730,133754
new 2,133754,134778
new 2,134778,135802
new 2,135802,136826
new 2,136826,137850
new 2,137850,138874
new 2,138874,139898
new 2,139898,140922
new 2,140922,141946
new 2,141946,142970
new 2,142970,143994
new 2,143994,145018
new 2,145018,146042
new 2,146042,147066
new 2,147066,148090
new 2,148090,149114
new 2,149114,150138
new 2,150138,151162
new 2,151162,152186
new 2,152186,153210
new 2,153210,154234
new 2,154234,155258
new 2,155258,156282
new 2,156282,157306
new 2,157306,158330
new 2,158330,159354
new 2,159354,160378
new 2,160378,161402
new 2,161402,162426
new 2,162426,163450
new 4,163450,163842,163931,164563
new 2,164563,165587
new 2,165587,166611
new 2,166611,167635
new 2,167635,168659
new 2,168659,169683
new 2,169683,170707
new 2,170707,171731
new 2,171731,172755
new 2,172755,173779
new 2,173779,174803
new 2,174803,175827
new 2,175827,176851
new 2,176851,177875
new 2,177875,178899
new 2,178899,179923
new 2,179923,180947
new 2,180947,181971
new 2,181971,182995
new 2,182995,184019
new 2,184019,185043
new 2,185043,186067
new 2,186067,187091
new 2,187091,188115
new 2,188115,189139
new 2,189139,190163
new 2,190163,191187
new 2,191187,192211
new 2,192211,193235
new 2,193235,194259
new 2,194259,195283
new 2,195283,196307
new 2,196307,197331
new 2,197331,198355
new 2,198355,199379
new 2,199379,200403
new 2,200403,201427
new 2,201427,202451
new 2,202451,203475
new 2,203475,204499
new 2,204499,205523
new 2,205523,206547
new 2,206547,207571
new 2,207571,208595
new 2,208595,209619
new 2,209619,210643
new 2,210643,211667
new 2,211667,212691
new 2,212691,213715
new 2,213715,214739
new 2,214739,215763
new 2,215763,216787
new 2,216787,217811
new 2,217811,218835
new 2,218835,219859
new 2,219859,220883
new 2,220883,221907
new 2,221907,222931
new 2,222931,223955
new 2,223955,224979
new 2,224979,226003
new 2,226003,227027
new 2,227027,228051
new 2,228051,229075
new 4,229075,229378,229467,230188
new 2,230188,231212
new 2,231212,232236
new 2,232236,233260
new 2,233260,234284
new 2,234284,235308
new 2,235308,236332
new 2,236332,237356
new 2,237356,238380
new 2,238380,239404
new 2,239404,240428
new 2,240428,241452
new 2,241452,242476
new 2,242476,243500
new 2,243500,244524
new 2,244524,245548
new 2,245548,246572
new 2,246572,247596
new 2,247596,248620
new 2,248620,249644
new 2,249644,250668
new 2,250668,251692
new 2,251692,252716
new 2,252716,253740
new 2,253740,254764
new 2,254764,255788
new 2,255788,256812
new 2,256812,257836
new 2,257836,258860
new 2,258860,259884
new 2,259884,260908
new 2,260908,261932
new 2,261932,262956
new 2,262956,263980
new 2,263980,265004
new 2,265004,266028
new 2,266028,267052
new 2,267052,268076
new 2,268076,269100
new 2,269100,270124
new 2,270124,271148
new 2,271148,272172
new 2,272172,273196
new 2,273196,274220
new 2,274220,275244
new 2,275244,276268
new 2,276268,277292
new 2,277292,278316
new 2,278316,279340
new 2,279340,280364
new 2,280364,281388
new 2,281388,282412
new 2,282412,283436
new 2,283436,284460
new 2,284460,285484
new 2,285484,286508
new 2,286508,287532
new 2,287532,288556
new 2,288556,289580
new 2,289580,290604
new 2,290604,291628
new 2,291628,292652
new 2,292652,293676
new 2,293676,294700
new 4,294700,294914,295003,295813
new 2,295813,296837
new 2,296837,297861
new 2,297861,298885
new 2,298885,299909
new 2,299909,300933
new 2,300933,301957
new 2,301957,302981
new 2,302981,304005
new 2,304005,305029
new 2,305029,306053
new 2,306053,307077
new 2,307077,308101
new 2,308101,309125
new 2,309125,310149
new 2,310149,311173
new 2,311173,312197
new 2,312197,313221
new 2,313221,314245
new 2,314245,315269
new 2,315269,316293
new 2,316293,317317
new 2,317317,318341
new 2,318341,319365
new 2,319365,320389
new 2,320389,321413
new 2,321413,322437
new 2,322437,323461
new 2,323461,324485
new 2,324485,325509
new 2,325509,326533
new 4,326533,326622,365826,366761
new 2,366761,367785
new 2,367785,368809
new 2,368809,369833
new 2,369833,370857
new 4,370857,371626,371711,371712
zero 8,101,102,104,115,275,787,5327,5827
zero 16,5827,5839,32770,32859,98306,98395,163842,163931,229378,229467,294914,295003,326622,327134,365314,365369
zero 4,365369,365826,371626,371711
