4
25600
0
0
new 4,0,69,827,1782
new 2,1782,2806
new 2,2806,3830
new 2,3830,4854
new 2,4854,5878
new 2,5878,6902
new 2,6902,7926
new 2,7926,8950
new 2,8950,9974
new 2,9974,10998
new 2,10998,12022
new 2,12022,13046
new 2,13046,14070
new 2,14070,15094
new 2,15094,16118
new 2,16118,17142
new 2,17142,18166
new 2,18166,19190
new 2,19190,20214
new 2,20214,21238
new 2,21238,22262
new 2,22262,23286
new 2,23286,24310
new 6,24310,24763,25175,25578,25599,25600
zero 4,69,827,24763,25029
zero 4,25029,25175,25578,25599
